# Bundle file v0.3
371 0
532.569 0 0
0 -1 0
0 0 1
-1 0 0
1.59255e-06 1.26938e-06 -1.52666e-08
532.569 0 0
0.361299 -0.932448 -0.00185713
-0.123522 -0.0498354 0.99109
-0.924232 -0.35785 -0.133183
0.0856352 -0.0827182 0.0629657
532.569 0 0
-0.283289 -0.956679 -0.0671835
-0.265882 0.0110384 0.963943
-0.921442 0.290937 -0.25749
-0.127952 0.00240006 0.0962047
532.569 0 0
-0.519891 -0.852771 -0.0499559
-0.108671 0.00801933 0.994045
-0.847292 0.522224 -0.0968406
-0.222315 0.0403574 0.1755
532.569 0 0
-0.0742764 -0.996697 -0.0328242
0.0357027 -0.0355518 0.99873
-0.996598 0.0730102 0.0382255
-0.065086 0.266047 0.130271
532.569 0 0
-0.118391 -0.992965 0.00180113
-0.0201572 0.00421679 0.999788
-0.992763 0.11833 -0.0205147
0.14946 -0.0570131 0.21165
532.569 0 0
-0.535576 -0.838824 0.0976375
-0.0876267 0.170194 0.981507
-0.839929 0.517116 -0.164655
0.126702 -0.149278 0.369141
532.569 0 0
-0.843981 -0.525526 0.107327
0.000239998 0.199726 0.979852
-0.536374 0.827002 -0.168439
0.379575 -0.178326 0.397903
532.569 0 0
-0.140427 -0.979378 0.145253
-0.0639549 0.155373 0.985783
-0.988023 0.129141 -0.0844545
-0.0231503 0.00985755 0.582195
532.569 0 0
-0.211947 -0.96424 0.159124
0.469766 0.0422576 0.881779
-0.85697 0.261641 0.444011
0.229246 -0.15411 0.576435
532.569 0 0
0.265508 -0.961877 0.065558
0.239471 0.131663 0.961935
-0.933895 -0.239703 0.265299
0.0636951 -0.101756 0.450494
532.569 0 0
0.194657 -0.979294 0.0556141
0.169723 0.0894712 0.981422
-0.966076 -0.181602 0.183625
0.151852 -0.10535 0.577277
532.569 0 0
0.264886 -0.963751 0.0319313
0.206503 0.0890409 0.974386
-0.941909 -0.251508 0.222603
0.191122 -0.222201 0.689327
532.569 0 0
0.339056 -0.940653 0.0145886
0.243957 0.102889 0.964313
-0.908585 -0.323397 0.264364
0.30227 -0.214902 0.789035
532.569 0 0
0.369088 -0.926186 0.0771573
0.282062 0.190731 0.940246
-0.885559 -0.32527 0.331638
0.464856 -0.231758 0.766856
532.569 0 0
0.749973 -0.661343 0.0128977
0.295397 0.352303 0.888045
-0.591846 -0.662199 0.459576
0.159362 -0.337489 0.776275
532.569 0 0
0.690752 -0.716717 0.0958013
0.193483 0.310858 0.930555
-0.696725 -0.624247 0.353398
0.257071 -0.34762 0.758512
532.569 0 0
0.488054 -0.86863 0.0853494
0.159939 0.185136 0.96961
-0.858034 -0.459571 0.229285
0.582414 -0.184553 0.814506
532.569 0 0
0.228978 -0.946495 0.227414
0.530114 0.317186 0.786367
-0.816424 -0.0595056 0.574378
0.944866 -0.355316 0.533635
532.569 0 0
0.363068 -0.920151 0.14664
0.297319 0.263561 0.91768
-0.883053 -0.289582 0.369269
0.849618 -0.222367 0.739309
532.569 0 0
0.769145 -0.639067 -0.00294918
0.0566563 0.0635902 0.996367
-0.636557 -0.766518 0.0851173
0.295606 0.104066 0.949929
532.569 0 0
0.977844 -0.19146 -0.0846372
0.04104 -0.221132 0.97438
-0.205271 -0.956266 -0.208375
-0.16258 0.19248 0.854627
532.569 0 0
0.980367 -0.110943 -0.163012
0.107239 -0.393765 0.912934
-0.165472 -0.912491 -0.374137
-0.263401 0.203735 0.840167
532.569 0 0
0.973959 -0.218189 -0.0616269
0.0662338 0.0138565 0.997708
-0.216835 -0.975808 0.0279471
0.105605 -0.0731507 0.73772
532.569 0 0
0.997418 0.0415054 -0.0586072
0.041657 0.330386 0.942926
0.0584995 -0.942933 0.327804
-0.275609 -0.18097 0.630269
532.569 0 0
0.998677 -0.0507875 -0.00806768
0.0186209 0.210907 0.977329
-0.0479345 -0.976186 0.211574
-0.177303 -0.0858086 0.654394
532.569 0 0
0.966254 0.179359 -0.184891
0.24728 -0.444793 0.860821
0.0721577 -0.877491 -0.474134
-0.319418 0.0405126 0.512857
532.569 0 0
0.795041 0.576526 -0.188489
0.537848 -0.52642 0.658484
0.280409 -0.6249 -0.728609
-0.517132 0.0228236 0.355947
532.569 0 0
0.632159 0.751086 -0.190379
0.350544 -0.0581095 0.934742
0.691009 -0.657642 -0.300024
-0.509248 -0.0274753 0.308126
532.569 0 0
0.477777 0.83938 -0.259173
0.4262 0.036498 0.903892
0.768169 -0.542318 -0.340306
-0.741856 -0.260147 0.288702
532.569 0 0
0.518894 0.808947 -0.276323
0.250965 0.164842 0.953857
0.817169 -0.564298 -0.117482
-0.677237 -0.154581 0.313017
532.569 0 0
0.431934 0.880943 -0.193318
-0.111057 0.264663 0.957925
0.895041 -0.392291 0.212152
-0.72211 -0.157074 0.212343
532.569 0 0
0.766124 0.611197 -0.198727
0.243476 0.0101499 0.969854
0.594789 -0.791413 -0.141036
-0.553469 -0.0315195 0.576985
532.569 0 0
0.956983 0.186773 -0.222033
0.243827 -0.102922 0.964342
0.157261 -0.976997 -0.144035
0.0481935 -0.0824491 0.96095
532.569 0 0
0.988655 0.121685 -0.0880616
0.0725862 0.126229 0.989342
0.131504 -0.984509 0.115965
0.396223 0.0488169 0.871104
532.569 0 0
0.982446 0.185752 -0.0172331
-0.0401177 0.300589 0.95291
0.182185 -0.93549 0.302764
0.337233 -0.035125 0.930181
532.569 0 0
0.999277 0.0379436 0.00243264
-0.0183584 0.425475 0.904784
0.0332957 -0.904174 0.425864
0.308666 -0.183201 0.805257
532.569 0 0
0.986871 -0.160355 -0.0192648
0.108656 0.570935 0.813773
-0.119494 -0.805183 0.580863
0.299661 -0.380641 0.737428
532.569 0 0
0.984048 -0.168209 -0.057931
0.153003 0.634027 0.758024
-0.0907763 -0.754795 0.649649
0.221183 -0.514198 0.882497
532.569 0 0
0.988408 -0.135866 -0.0677561
0.128429 0.510204 0.850411
-0.0809723 -0.849254 0.521738
0.162135 -0.41022 1.13982
532.569 0 0
0.976522 -0.172683 -0.128786
0.155938 0.154188 0.975658
-0.148622 -0.972834 0.177496
0.175767 -0.111411 1.18772
532.569 0 0
0.973167 -0.146502 -0.177436
0.155935 -0.14716 0.976744
-0.169207 -0.978203 -0.120367
0.119488 0.149087 1.05042
532.569 0 0
0.970004 0.0701846 -0.232737
0.238874 -0.452727 0.859056
-0.0450738 -0.888883 -0.455912
-0.166713 0.347257 0.884985
532.569 0 0
0.880503 0.428807 -0.202085
0.454101 -0.640649 0.619162
0.136036 -0.636941 -0.758815
-0.511065 0.31336 0.646249
532.569 0 0
0.517561 0.846717 -0.123294
0.582124 -0.242831 0.775993
0.627106 -0.473397 -0.618574
-0.700032 0.14473 0.477624
532.569 0 0
0.509518 0.839937 -0.186806
0.347389 -0.00217831 0.937719
0.787218 -0.542679 -0.292895
-0.767749 -0.0659987 0.520526
532.569 0 0
0.41657 0.897178 -0.146766
-0.113697 0.211588 0.970723
0.901966 -0.387688 0.190148
-0.791224 -0.142841 0.431302
532.569 0 0
0.834212 0.510399 -0.208768
-0.204911 0.638387 0.741939
0.51196 -0.576155 0.637136
-0.221422 -0.225325 0.406136
532.569 0 0
0.228397 0.966887 -0.113861
-0.215583 0.164277 0.962568
0.949399 -0.195301 0.245965
-0.443932 -0.0680686 0.259842
532.569 0 0
0.998506 -0.00746831 -0.0541279
0.045379 0.665137 0.745341
0.030436 -0.746684 0.664482
-0.240962 0.00692092 0.209477
532.569 0 0
0.990675 -0.121203 -0.0622255
0.131987 0.740513 0.658954
-0.0337883 -0.661022 0.749605
-0.246664 0.164532 0.0477425
532.569 0 0
0.997787 -0.0188234 -0.063778
0.0633776 0.55953 0.826383
0.0201304 -0.828596 0.559485
-0.202457 0.228851 -0.101154
532.569 0 0
0.970444 0.205113 -0.127153
0.0478906 0.35273 0.934499
0.236528 -0.912968 0.332482
-0.105839 0.131443 -0.202528
532.569 0 0
0.932294 0.33493 -0.136564
0.0593368 0.230822 0.971185
0.356801 -0.913533 0.195321
-0.00573175 0.0164553 -0.176432
532.569 0 0
0.932719 0.330485 -0.144276
0.083597 0.191029 0.978018
0.350781 -0.924277 0.150549
0.0239203 -0.036986 0.0296332
532.569 0 0
0.923224 0.348312 -0.162285
0.125761 0.125186 0.984131
0.3631 -0.928982 0.0717702
-0.109978 -0.0601944 0.330282
532.569 0 0
0.907921 0.371313 -0.194438
0.270875 -0.165792 0.94823
0.319854 -0.913586 -0.251105
-0.107866 0.0429507 0.504186
532.569 0 0
0.849348 0.437555 -0.295216
0.49367 -0.460565 0.737679
0.186809 -0.772286 -0.607188
-0.175982 0.248029 0.537248
532.569 0 0
0.575188 0.789655 -0.213549
0.185557 0.1283 0.974222
0.796697 -0.599987 -0.0727295
-0.606149 -0.05309 0.495639
532.569 0 0
0.539463 0.815279 -0.210474
0.00166151 0.248935 0.968519
0.842008 -0.52283 0.132937
-0.667364 -0.135462 0.500383
532.569 0 0
0.448728 0.866492 -0.218711
0.702298 -0.19057 0.685901
0.552648 -0.461383 -0.69405
-0.647056 0.0887717 0.41992
532.569 0 0
0.452393 0.871015 -0.191502
0.766009 -0.269546 0.583588
0.456696 -0.410704 -0.789146
-0.61108 0.12477 0.370552
532.569 0 0
0.386246 0.894815 -0.223875
0.594908 -0.0561808 0.801828
0.70491 -0.442888 -0.554032
-0.604307 0.00466553 0.357331
532.569 0 0
0.248351 0.942315 -0.224422
0.402233 0.110442 0.908852
0.88121 -0.315984 -0.351602
-0.690004 -0.0552906 0.316771
532.569 0 0
0.161161 0.966878 -0.197922
0.0243783 0.196583 0.980184
0.986627 -0.162793 0.00811064
-0.706703 -0.0338516 0.189954
532.569 0 0
0.169501 0.975965 -0.136974
-0.140235 0.161455 0.976866
0.975502 -0.146372 0.164231
-0.536408 0.0643958 -0.0243504
532.569 0 0
0.116261 0.986524 -0.115125
0.299382 0.0757121 0.951125
0.947024 -0.145045 -0.286545
-0.538166 -0.0577892 -0.010421
532.569 0 0
0.13375 0.982133 -0.132386
0.688847 0.00390214 0.724896
0.712461 -0.188149 -0.676017
-0.530017 -0.188304 0.0137852
532.569 0 0
0.198589 0.968204 -0.152129
0.523678 0.0263817 0.851508
0.828447 -0.248767 -0.501788
-0.480899 -0.130266 -0.0238325
532.569 0 0
0.171772 0.972275 -0.158672
0.215899 0.119997 0.969014
0.961188 -0.200707 -0.189301
-0.534381 -0.00191682 0.0508977
532.569 0 0
0.185444 0.977509 -0.100437
-0.272685 0.149387 0.950435
0.944062 -0.148864 0.294255
-0.605582 0.070869 0.102968
532.569 0 0
0.125801 0.984169 -0.124844
-0.0195701 0.128281 0.991545
0.991862 -0.122294 0.0353982
-0.616001 -0.0126672 0.0723916
532.569 0 0
0.109521 0.987507 -0.113291
0.356899 0.0673083 0.931715
0.927701 -0.142476 -0.345068
-0.510187 -0.0738101 0.167724
532.569 0 0
-0.110968 0.990183 -0.0849969
0.767334 0.139716 0.625842
0.631573 0.00422722 -0.775305
-0.451647 -0.0855518 0.113461
532.569 0 0
-0.149135 0.981238 -0.122191
0.501742 0.181577 0.845745
0.852064 0.0648218 -0.519407
-0.589255 -0.103695 0.0650739
532.569 0 0
-0.110586 0.979987 -0.165516
0.3111 0.1923 0.930719
0.943921 0.0514327 -0.32614
-0.683834 -0.122679 0.0276137
532.569 0 0
-0.107742 0.984635 -0.137422
0.108458 0.149042 0.982865
0.988245 0.0909912 -0.12285
-0.731193 -0.0717593 0.0146349
532.569 0 0
-0.169609 0.977048 -0.128878
0.188672 0.160546 0.968828
0.967283 0.140006 -0.211572
-0.607956 -0.08119 0.0711341
532.569 0 0
-0.185771 0.977509 -0.0998251
0.304504 0.153864 0.940002
0.93422 0.144228 -0.326239
-0.545701 -0.115673 0.148559
532.569 0 0
-0.422243 0.903242 -0.0765857
0.477847 0.293582 0.827932
0.770307 0.312993 -0.555575
-0.597226 -0.309799 0.17529
532.569 0 0
-0.449792 0.89123 -0.0582817
0.56481 0.334388 0.754436
0.691864 0.306421 -0.653781
-0.439958 -0.266714 0.211408
532.569 0 0
-0.759323 0.650224 0.0252568
0.585387 0.665627 0.462885
0.284167 0.366264 -0.886059
-0.280031 -0.24596 0.404181
532.569 0 0
-0.167023 0.978836 -0.118253
0.619893 0.19752 0.75942
0.766704 0.0535365 -0.639764
-0.242809 -0.205824 0.272669
532.569 0 0
-0.386788 0.919768 -0.0664953
0.365148 0.21897 0.904831
0.846795 0.325697 -0.420546
-0.250615 -0.201163 0.252982
532.569 0 0
-0.777436 0.609701 0.154462
0.445512 0.360464 0.819502
0.443973 0.705925 -0.551867
-0.177442 -0.158267 0.247972
532.569 0 0
-0.932809 0.315831 0.173543
0.342147 0.624987 0.70166
0.113144 0.713892 -0.691054
-0.304414 -0.1148 0.203982
532.569 0 0
-0.96872 -0.0552049 0.24194
0.158151 0.613967 0.773326
-0.191234 0.787399 -0.586031
-0.206965 -0.156594 0.19312
532.569 0 0
-0.969091 0.000567801 0.246704
0.193311 0.623042 0.757924
-0.153276 0.782188 -0.603894
-0.03698 -0.109188 0.25609
532.569 0 0
-0.931665 0.0837514 0.353535
0.363317 0.218387 0.905709
-0.00135316 0.972262 -0.233892
0.0890853 -0.0812709 0.297763
532.569 0 0
-0.975359 0.147988 0.163628
0.217064 0.511004 0.83172
0.0394703 0.846744 -0.530535
-0.0183339 -0.260998 0.206391
532.569 0 0
-0.961479 0.239538 0.134833
0.241698 0.503095 0.829745
0.130922 0.830372 -0.541611
-0.0525011 -0.370974 0.206231
532.569 0 0
-0.890468 0.454164 0.0283116
0.263517 0.463949 0.84576
0.370978 0.760583 -0.532812
0.163728 -0.388039 0.184616
532.569 0 0
-0.972422 0.201488 0.117468
0.20386 0.489618 0.847771
0.113301 0.848338 -0.51719
0.331581 -0.240192 0.410618
532.569 0 0
-0.891892 0.447381 0.0661664
0.27489 0.42011 0.864837
0.359115 0.78953 -0.497673
0.550976 -0.292332 0.380242
532.569 0 0
-0.972618 0.0801853 0.218141
0.227817 0.514633 0.826591
-0.045982 0.853653 -0.518808
0.401988 -0.057173 0.805137
532.569 0 0
-0.991662 -0.0630494 -0.112393
-0.0704904 0.995489 0.0635065
0.107882 0.0708996 -0.991633
1.26121 0.451662 0.512405
532.569 0 0
-0.973645 0.219654 -0.0613786
0.193462 0.937955 0.287773
0.120781 0.268314 -0.95573
1.17018 0.0692556 0.512495
532.569 0 0
-0.867193 0.478089 -0.139314
0.371144 0.807042 0.459277
0.332007 0.346576 -0.877301
1.36563 -0.0800806 0.279951
532.569 0 0
-0.742103 0.651565 -0.157313
0.476654 0.677992 0.559579
0.471259 0.340281 -0.81371
1.41834 -0.248538 0.115053
532.569 0 0
-0.603688 0.77573 -0.18386
0.637483 0.608204 0.472973
0.478723 0.16832 -0.86168
1.37375 -0.24059 0.159988
532.569 0 0
-0.3124 0.919184 -0.239809
0.751205 0.393559 0.529909
0.581462 -0.0146022 -0.813443
1.3628 -0.401681 -0.0696209
532.569 0 0
-0.140494 0.959468 -0.244301
0.817591 0.251594 0.517925
0.558397 -0.126973 -0.8198
1.131 -0.510244 -0.100807
532.569 0 0
0.293911 0.925506 -0.23886
0.777032 -0.0858226 0.623582
0.55663 -0.36888 -0.744373
0.811886 -0.746887 -0.388734
532.569 0 0
0.357851 0.918159 -0.170077
0.597313 -0.0850787 0.797483
0.717746 -0.386969 -0.578874
0.791075 -0.641339 -0.630287
532.569 0 0
0.1503 0.983517 -0.100523
-0.400201 0.153501 0.90348
0.904018 -0.0955634 0.416676
0.930924 0.481897 -0.715958
532.569 0 0
0.719657 0.678559 -0.147144
-0.306418 0.50055 0.809665
0.623058 -0.537594 0.568147
0.178471 0.761443 -0.990358
532.569 0 0
0.812867 0.563325 -0.148029
-0.0366585 0.303126 0.952245
0.581295 -0.768622 0.267052
-0.0905091 0.232066 -1.24755
532.569 0 0
0.832866 0.53356 -0.147134
0.111711 0.098312 0.988866
0.542084 -0.840029 0.0222764
-0.11373 -0.185183 -1.25871
532.569 0 0
0.855388 0.496518 -0.147582
0.2567 -0.15887 0.953344
0.449906 -0.853364 -0.263352
-0.243173 -0.698916 -1.15283
532.569 0 0
0.882511 0.45146 -0.131752
0.317962 -0.36635 0.874465
0.346519 -0.813617 -0.466854
-0.420949 -1.04151 -0.993145
532.569 0 0
0.752077 0.59375 -0.286079
0.43619 -0.123008 0.891407
0.494083 -0.795192 -0.351499
0.0793265 -0.795807 -1.0604
532.569 0 0
-0.193033 0.966152 -0.171137
0.276497 0.220911 0.935279
0.941429 0.133221 -0.309782
1.1347 -0.194491 -0.487095
532.569 0 0
-0.320304 0.935525 -0.148988
0.363043 0.26649 0.892851
0.874989 0.231895 -0.424994
1.25292 -0.287561 -0.331195
532.569 0 0
-0.434332 0.876644 -0.207004
0.395518 0.392082 0.830565
0.809272 0.278867 -0.517022
1.28354 -0.253575 -0.317005
532.569 0 0
-0.474371 0.874904 -0.0975512
0.382603 0.304699 0.872223
0.792835 0.376434 -0.479281
1.24129 -0.436331 -0.358273
532.569 0 0
-0.578662 0.800616 -0.155452
-0.0207699 0.176077 0.984157
0.815303 0.572723 -0.0852605
1.25822 0.0720901 -0.220899
532.569 0 0
0.0660998 0.996987 -0.0405904
0.508775 0.00131834 0.860899
0.858358 -0.0775565 -0.507155
0.752076 -0.645401 -0.542151
532.569 0 0
0.496607 0.863844 -0.0845929
0.428193 -0.159046 0.889581
0.755005 -0.477994 -0.448875
0.44638 -0.954631 -0.72896
532.569 0 0
0.740905 0.667105 -0.0776548
0.327663 -0.258116 0.908853
0.586256 -0.698818 -0.409825
0.0935837 -0.834613 -0.751555
532.569 0 0
0.882769 0.465288 -0.0650135
0.0631182 0.0196705 0.997812
0.465549 -0.884941 -0.0120035
-0.147907 -0.220479 -0.866595
532.569 0 0
0.981499 0.180884 -0.0627742
0.0358307 0.148543 0.988257
0.188085 -0.972222 0.139314
-0.397337 -0.0866826 -0.654712
532.569 0 0
0.985127 0.165668 -0.045601
0.0151154 0.180804 0.983403
0.171163 -0.969466 0.175611
-0.440266 -0.053285 -0.440363
532.569 0 0
0.992835 0.112415 -0.0405237
0.0234133 0.149546 0.988478
0.11718 -0.982344 0.145842
-0.388166 -0.142855 -0.0170014
532.569 0 0
0.992947 -0.109688 -0.0449971
0.0657189 0.193333 0.97893
-0.0986774 -0.974983 0.199178
-0.274847 -0.149204 -0.349417
532.569 0 0
0.958958 0.274843 -0.069715
0.0116325 0.207527 0.97816
0.283308 -0.938826 0.195812
0.00715032 -0.0193951 -0.523225
532.569 0 0
0.999428 -0.0261064 -0.0214935
0.0264668 0.20827 0.977713
-0.0210482 -0.977723 0.208842
-0.340277 -0.0967437 -0.164494
532.569 0 0
0.883916 0.440657 -0.156567
0.214395 -0.0843117 0.973101
0.415603 -0.893708 -0.168999
0.120809 -0.119991 0.212008
532.569 0 0
0.915039 0.374764 -0.149185
0.135793 0.062057 0.988792
0.379821 -0.925041 0.00589412
0.170812 -0.0869138 0.113742
532.569 0 0
0.862383 0.486172 -0.141183
0.0904092 0.126496 0.987839
0.498119 -0.864659 0.0651339
0.1376 -0.0536697 0.0310424
532.569 0 0
0.746424 0.64767 -0.152888
0.12997 0.0834377 0.988001
0.652655 -0.757339 -0.0218978
0.0993615 -0.0796443 -0.0782013
532.569 0 0
0.77305 0.612704 -0.16428
0.331068 -0.168787 0.928388
0.541099 -0.772078 -0.333328
-0.0747549 -0.265931 -0.174582
532.569 0 0
0.841964 0.516451 -0.156128
0.334584 -0.272777 0.902024
0.423262 -0.811709 -0.402465
-0.0424193 -0.365003 -0.260074
532.569 0 0
0.685987 0.710344 -0.157584
0.228778 -0.0049777 0.973466
0.690711 -0.703837 -0.165926
-0.00853085 -0.197403 -0.546371
532.569 0 0
-0.195186 0.969667 -0.147135
-0.434995 0.0488674 0.899106
0.879023 0.239496 0.412262
0.681597 0.216733 -0.222588
532.569 0 0
-0.304441 0.946772 -0.104585
0.0593273 0.128431 0.989942
0.950682 0.295175 -0.0952691
0.810181 -0.0574587 -0.219117
532.569 0 0
0.0715818 0.957288 -0.280135
-0.437443 0.282534 0.853708
0.896392 0.061433 0.438983
0.639782 0.375408 -0.321251
532.569 0 0
0.68519 0.680942 -0.258521
-0.173968 0.497661 0.849746
0.707284 -0.537263 0.459454
0.141506 0.362135 -0.597223
532.569 0 0
0.579781 0.791321 -0.194075
0.107723 0.161656 0.98095
0.80762 -0.589643 0.00848162
0.336677 -0.00231893 -0.669463
532.569 0 0
-0.198643 0.957847 -0.207534
0.0237433 0.216395 0.976017
0.979784 0.188951 -0.0657278
0.957023 0.11288 -0.251855
532.569 0 0
-0.367644 0.921375 -0.126119
-0.210367 0.0497046 0.976358
0.905861 0.385484 0.175553
1.02628 0.156449 -0.444316
532.569 0 0
-0.378203 0.915843 -0.134888
-0.34256 -0.00309086 0.939491
0.860009 0.401525 0.3149
1.05276 0.330326 -0.505708
532.569 0 0
-0.240515 0.95343 -0.182001
-0.552743 0.0195988 0.833121
0.797889 0.300978 0.522288
1.00256 0.72336 -0.550713
532.569 0 0
0.0593688 0.955191 -0.289975
-0.60315 0.265792 0.752041
0.795416 0.130251 0.591903
0.536116 1.05893 -0.760883
532.569 0 0
0.0984747 0.964565 -0.244779
-0.390597 0.263699 0.881984
0.91528 0.00875676 0.402724
0.469975 0.789674 -1.12644
532.569 0 0
0.0295981 0.985604 -0.166462
-0.0114469 0.166859 0.985914
0.999496 -0.0272758 0.0162207
0.557847 0.112822 -1.42583
532.569 0 0
-0.114509 0.988189 -0.101838
0.12769 0.116303 0.984972
0.985182 0.099784 -0.139499
0.775104 -0.177633 -1.26031
532.569 0 0
-0.229066 0.965467 -0.124102
0.177261 0.166734 0.969937
0.957135 0.200181 -0.209333
0.851058 -0.180944 -0.976745
532.569 0 0
-0.396608 0.906573 -0.144315
0.224078 0.24806 0.942473
0.89022 0.341454 -0.301526
0.976104 -0.167779 -0.584553
532.569 0 0
-0.652018 0.751482 -0.100731
0.19727 0.296418 0.934463
0.732091 0.589416 -0.341515
1.09186 -0.0840562 -0.00625777
532.569 0 0
-0.651137 -0.758801 0.0155434
0.107039 -0.0715375 0.991678
-0.751374 0.647382 0.127802
0.217391 -0.388736 1.46905
532.569 0 0
-0.292746 -0.953943 -0.0655178
0.0967251 -0.0977117 0.990503
-0.951285 0.283628 0.120875
-0.343472 -0.365362 1.48189
532.569 0 0
-0.00177288 -0.999972 -0.00726059
0.0443765 -0.00733221 0.998988
-0.999013 0.00144887 0.0443882
-0.508628 -0.292014 1.3101
532.569 0 0
0.0900916 -0.985214 0.145727
0.0526945 0.150832 0.987154
-0.994538 -0.0812553 0.0655041
-0.533218 -0.190976 1.26917
532.569 0 0
0.0328066 -0.985516 0.166379
0.0029034 0.166562 0.986027
-0.999458 -0.0318653 0.00832558
-0.582819 -0.107523 1.0984
532.569 0 0
-0.0239447 -0.989061 0.145551
0.00353286 0.145508 0.989351
-0.999707 0.0242039 1.00136e-05
-0.57031 -0.229985 0.922641
532.569 0 0
0.191578 -0.972117 0.135224
-0.0458517 0.128761 0.990615
-0.980406 -0.195981 -0.0199054
-0.851734 -0.0809892 0.65353
532.569 0 0
0.0510925 -0.989301 0.136651
0.0667952 0.139909 0.987909
-0.996458 -0.0413471 0.0732288
-0.23979 -0.23839 0.436639
532.569 0 0
0.0809308 -0.992074 0.0961197
0.0574836 0.100921 0.993232
-0.995061 -0.0748578 0.0651957
-0.20623 -0.25446 0.284687
532.569 0 0
0.313015 -0.949583 0.0177134
0.123387 0.0591509 0.990594
-0.941699 -0.307886 0.135681
-0.186025 -0.122812 0.146422
532.569 0 0
0.452919 -0.890447 -0.0443736
0.189905 0.0477257 0.980642
-0.871092 -0.452578 0.190717
0.308298 0.03843 0.316141
532.569 0 0
0.881371 -0.455956 -0.123652
0.195805 0.114365 0.973951
-0.429938 -0.882624 0.190076
0.355738 -0.0365828 0.630903
532.569 0 0
0.978792 0.00918472 -0.204652
0.202552 0.106081 0.973509
0.0306511 -0.994315 0.101971
0.153979 0.0381223 0.791487
532.569 0 0
0.897199 0.364835 -0.248857
0.200084 0.166545 0.96552
0.393701 -0.916056 0.0764266
-0.00524521 -0.00552078 0.927254
532.569 0 0
0.850363 0.505805 -0.145064
0.0562488 0.186726 0.9808
0.523181 -0.842196 0.130334
-0.00378533 -0.0532971 0.7274
532.569 0 0
0.89394 0.43753 -0.0971544
0.1038 0.00876468 0.99456
0.436001 -0.899161 -0.0375805
0.0323587 0.00137076 0.728291
532.569 0 0
0.978823 0.204391 -0.0113554
0.0399582 -0.136365 0.989852
0.200768 -0.969345 -0.141644
0.137436 0.0572852 0.779584
532.569 0 0
0.850387 -0.525471 -0.026887
-0.0151756 -0.0755743 0.997025
-0.525939 -0.847449 -0.0722418
0.446155 0.0241535 0.560099
532.569 0 0
0.60383 -0.79613 -0.0395865
0.0452659 -0.0153348 0.998857
-0.795827 -0.604932 0.0267777
0.39491 -0.0969023 0.437272
532.569 0 0
-0.457274 -0.882636 0.108882
-0.00804889 0.126534 0.99193
-0.88929 0.452707 -0.064965
-0.146647 -0.27636 0.236277
532.569 0 0
-0.921869 -0.350444 0.165369
0.0962711 0.206249 0.973752
-0.375353 0.913592 -0.156397
-0.181592 -0.305951 0.465079
532.569 0 0
-0.696412 -0.704299 0.137743
0.0103422 0.182069 0.983231
-0.717568 0.686158 -0.119511
-0.188174 -0.32276 0.344537
532.569 0 0
-0.831692 -0.536453 0.143203
0.0506933 0.183471 0.981717
-0.552919 0.823745 -0.125397
0.209559 -0.347473 0.32967
532.569 0 0
-0.846237 -0.498837 0.187203
-0.00555293 0.35959 0.933094
-0.532778 0.788579 -0.307069
0.116724 -0.302179 0.558819
532.569 0 0
-0.899728 -0.423049 0.107332
0.0770419 0.0881174 0.993126
-0.429599 0.901812 -0.0466893
0.316528 -0.636402 0.323826
532.569 0 0
-0.834252 -0.551382 -0.00108364
0.0930343 -0.142699 0.985384
-0.543478 0.821958 0.170345
0.156713 -0.537837 0.209221
532.569 0 0
-0.740928 -0.670375 0.0402815
0.0661263 -0.0131345 0.997725
-0.66832 0.741906 0.0540612
0.192327 -0.484204 0.415044
532.569 0 0
-0.696612 -0.713698 0.0732607
0.112294 -0.00760865 0.993646
-0.708605 0.700413 0.0854441
0.267316 -0.460442 0.542633
532.569 0 0
-0.748133 -0.651031 0.128277
0.142999 0.0305921 0.98925
-0.647957 0.758434 0.0702094
0.30603 -0.336162 0.549191
532.569 0 0
-0.620718 -0.773187 0.129966
0.183442 0.0179428 0.982867
-0.762271 0.633925 0.130698
0.187549 -0.358796 0.578667
532.569 0 0
-0.619326 -0.772319 0.141276
0.252935 -0.0259174 0.967136
-0.743276 0.634706 0.211398
0.205088 -0.380825 0.713011
532.569 0 0
-0.599498 -0.792346 0.113092
0.253049 -0.0535854 0.965968
-0.759321 0.607714 0.232626
0.075408 -0.40384 0.825651
532.569 0 0
-0.506655 -0.848517 0.152704
-0.00716928 0.181261 0.983409
-0.862119 0.497155 -0.0979199
-0.0808555 -0.235994 0.748406
532.569 0 0
-0.596185 -0.787564 0.155904
0.0597538 0.150123 0.98686
-0.80062 0.597667 -0.0424412
-0.00915003 -0.296819 0.514004
532.569 0 0
-0.639099 -0.752178 0.160565
0.0791129 0.143366 0.986503
-0.765045 0.643176 -0.0321184
-0.0665829 -0.323648 0.333846
532.569 0 0
-0.542208 -0.821748 0.175331
0.119372 0.131215 0.984141
-0.831722 0.554538 0.0269475
0.0201376 -0.309716 0.145661
532.569 0 0
-0.175139 -0.977213 0.119925
0.295092 0.064105 0.953316
-0.93928 0.202352 0.27714
0.0543858 -0.179794 0.0464384
532.569 0 0
0.0276779 -0.993788 0.107791
0.529322 0.106044 0.841768
-0.847969 0.0337579 0.528969
0.0676391 -0.0568085 0.117719
532.569 0 0
0.421133 -0.906996 -0.00247383
0.601172 0.277089 0.749543
-0.679146 -0.317144 0.661952
-0.123816 -0.0494994 0.247448
532.569 0 0
0.976058 -0.216135 -0.0244123
0.152153 0.598257 0.786726
-0.155435 -0.771605 0.616819
-0.331106 0.0769036 -0.0374057
532.569 0 0
0.994676 -0.0784347 0.0668438
-0.0244674 0.450341 0.892521
-0.100107 -0.889405 0.446024
-0.187261 0.00638598 -0.0926858
532.569 0 0
0.989535 -0.142846 0.0203764
0.0326769 0.359395 0.932613
-0.140543 -0.922188 0.360301
-0.104582 -0.0725504 0.0840997
532.569 0 0
0.994261 0.0855902 -0.0641811
0.000560749 0.595753 0.803167
0.106979 -0.798594 0.592286
-0.10157 -0.0253791 0.12937
532.569 0 0
0.998764 -0.0291689 -0.0402571
0.0494493 0.666298 0.744044
0.0051203 -0.745115 0.666917
-0.154167 0.0639152 -0.00917399
532.569 0 0
0.976921 -0.211683 0.0285463
0.111816 0.620686 0.776045
-0.181994 -0.754943 0.630031
-0.207743 0.0706433 -0.0747259
532.569 0 0
0.956872 -0.2892 -0.0275435
0.190657 0.553617 0.810653
-0.219192 -0.780943 0.584879
-0.298286 0.0926945 -0.197931
532.569 0 0
0.877268 -0.468405 0.10487
0.172411 0.511391 0.841875
-0.447968 -0.720469 0.529385
-0.324893 0.133698 -0.214839
532.569 0 0
0.580018 0.807819 -0.104917
0.175636 0.00174999 0.984454
0.795444 -0.589428 -0.140867
0.127037 -0.283963 -1.06403
532.569 0 0
0.4456 0.892547 -0.0692837
-0.183262 0.166698 0.968828
0.876274 -0.419013 0.23785
0.390839 0.252458 -0.80422
532.569 0 0
0.992407 -0.0374015 -0.117173
0.104967 -0.239024 0.965323
-0.0641117 -0.970293 -0.233284
-0.862372 -0.35121 -0.393391
532.569 0 0
0.983624 -0.150249 -0.0995429
0.0616627 -0.238431 0.9692
-0.169356 -0.959466 -0.225262
-1.01309 -0.28927 -0.187343
532.569 0 0
0.94779 0.318335 -0.0188895
-0.0217109 0.12351 0.992106
0.318155 -0.939898 0.123973
-0.797996 0.0499683 -0.611574
532.569 0 0
0.975096 -0.221785 0.000222333
0.0264233 0.117168 0.992761
-0.220205 -0.968031 0.12011
-1.13526 -0.149015 -0.113504
532.569 0 0
0.752591 0.655982 -0.0573967
0.0718726 0.00481242 0.997402
0.654554 -0.754762 -0.0435253
0.178406 -0.147233 -0.851514
532.569 0 0
0.70746 0.704221 -0.0597714
0.202051 -0.120486 0.971936
0.677256 -0.699683 -0.227528
0.193915 -0.330743 -0.867899
532.569 0 0
-0.110799 0.993389 -0.0300338
0.046151 0.0353299 0.99831
0.992771 0.109226 -0.0497606
0.99019 -0.134248 -0.596757
532.569 0 0
-0.665465 0.746421 0.003481
0.0553209 0.0446692 0.997469
0.744376 0.663973 -0.0710185
1.42338 -0.1627 -0.0369667
532.569 0 0
-0.869976 0.492783 0.0175533
0.0828575 0.111002 0.99036
0.486084 0.863043 -0.1374
1.50223 -0.159585 0.366763
532.569 0 0
-0.986175 0.152073 0.0658261
0.08038 0.0916238 0.992544
0.144907 0.984113 -0.102581
1.35145 -0.207618 0.787049
532.569 0 0
-0.413496 0.894385 -0.170581
0.220275 0.280047 0.934373
0.883459 0.348784 -0.312809
1.06794 -0.0404288 -0.185284
532.569 0 0
-0.76078 0.638719 -0.115116
0.0988084 0.289292 0.952128
0.641444 0.712986 -0.283199
1.10409 0.0382858 0.143578
532.569 0 0
-0.964994 0.26128 -0.0227845
0.0614654 0.309754 0.948828
0.254967 0.914213 -0.31497
1.10519 0.0439606 0.438144
532.569 0 0
-0.987899 0.152358 0.0290204
0.0781137 0.327114 0.941751
0.133991 0.932622 -0.335057
1.10415 0.0575886 0.557868
532.569 0 0
-0.9814 0.182152 0.0606271
0.117209 0.318404 0.940681
0.152043 0.93029 -0.333831
1.22751 0.00568078 0.507483
532.569 0 0
-0.980911 0.181632 0.069459
0.127793 0.332868 0.934274
0.146573 0.925316 -0.349725
1.34244 -0.00514536 0.423938
532.569 0 0
0.862144 -0.506544 0.0109528
0.267715 0.473794 0.838957
-0.430158 -0.72037 0.544088
-0.92314 -0.409903 0.437791
532.569 0 0
0.936492 -0.348915 -0.0352343
0.155445 0.322943 0.933566
-0.314356 -0.879754 0.35667
-0.873937 -0.254293 0.428192
532.569 0 0
0.965379 -0.180177 -0.188626
0.226173 0.217897 0.949403
-0.129959 -0.959196 0.251104
-1.02027 -0.429453 0.171526
532.569 0 0
0.968667 0.0355545 -0.245806
0.237145 0.161693 0.957924
0.0738037 -0.9862 0.148195
-0.882523 -0.402985 -0.0944945
532.569 0 0
0.873597 0.29627 -0.386072
0.310624 0.271227 0.911015
0.37462 -0.915784 0.144914
-0.582826 -0.424026 -0.33873
532.569 0 0
0.870954 0.40261 -0.281682
0.208239 0.216802 0.953747
0.445058 -0.889327 0.104985
-0.537256 -0.336663 -0.338272
532.569 0 0
0.809761 0.546139 -0.214521
0.122523 0.200161 0.972072
0.573825 -0.81343 0.0951685
-0.561984 -0.16723 -0.365057
532.569 0 0
0.141588 0.929966 -0.339288
0.157558 0.317201 0.935179
0.977307 -0.185868 -0.101612
-0.235404 -0.234162 -0.708412
532.569 0 0
0.332271 0.892527 -0.304945
0.107047 0.28554 0.95237
0.937089 -0.349089 -0.000666142
-0.346156 -0.267688 -0.694425
532.569 0 0
0.573288 0.785675 -0.232499
0.00234625 0.282183 0.959358
0.819351 -0.550533 0.159929
-0.754855 -0.193125 -0.614675
532.569 0 0
0.765895 0.596654 -0.239602
0.0726526 0.289955 0.954279
0.638848 -0.748285 0.178727
-1.00718 -0.279484 -0.474523
532.569 0 0
0.994337 -0.0617443 -0.0865008
0.0950703 0.152982 0.983645
-0.0475015 -0.986298 0.157985
-1.13297 -0.341268 0.229288
532.569 0 0
0.962941 -0.229088 -0.142347
0.185914 0.181433 0.96567
-0.195397 -0.956348 0.2173
-1.02888 -0.491105 0.181967
532.569 0 0
0.962402 -0.246928 -0.113175
0.161614 0.185663 0.969232
-0.218318 -0.951081 0.21859
-0.891917 -0.338053 0.0183693
532.569 0 0
0.97997 -0.0837169 -0.180694
0.184438 0.0393261 0.982057
-0.0751088 -0.995713 0.053979
-0.825819 -0.402481 -0.229478
532.569 0 0
0.877573 0.39052 -0.278135
0.159619 0.309049 0.937556
0.452092 -0.867169 0.208879
-0.581812 -0.295722 -0.52707
532.569 0 0
0.612744 0.745922 -0.261046
-0.114791 0.410825 0.904459
0.7819 -0.524236 0.337355
-0.422093 -0.041299 -0.701154
532.569 0 0
0.467133 0.851051 -0.23979
0.0594972 0.240328 0.968867
0.882183 -0.466857 0.0616299
-0.221528 -0.211175 -0.801568
532.569 0 0
0.0695571 0.952649 -0.29601
-0.108217 0.302183 0.947088
0.991691 -0.0338433 0.124112
0.37186 -0.0465837 -0.817387
532.569 0 0
-0.296559 0.94466 -0.140253
0.00718519 0.149062 0.988802
0.954987 0.292231 -0.0509933
0.573497 -0.169986 -0.466844
532.569 0 0
0.195938 0.95505 -0.222459
0.228757 0.17608 0.957427
0.953561 -0.238486 -0.183973
0.100804 -0.291884 -0.719752
532.569 0 0
0.42477 0.888368 -0.174276
0.152164 0.119708 0.981079
0.892422 -0.443252 -0.0843291
0.0366203 -0.391297 -0.705623
532.569 0 0
0.795995 0.601459 -0.0681089
0.0120298 0.096779 0.995233
0.605183 -0.79302 0.0698002
-0.517757 -0.0932315 -0.483961
532.569 0 0
0.984048 0.125036 0.126552
-0.173549 0.518282 0.837415
0.0391175 -0.84602 0.531714
-0.646865 0.0642398 -0.202466
532.569 0 0
0.889388 0.457149 0.00165841
-0.160695 0.309233 0.937311
0.427978 -0.8339 0.34849
-0.431859 0.0609202 -0.498799
532.569 0 0
0.64099 0.76667 -0.0367147
-0.157159 0.177916 0.971415
0.751287 -0.616897 0.234531
-0.17943 0.0307125 -0.671815
532.569 0 0
0.313196 0.93901 -0.142016
-0.128001 0.189914 0.973421
0.941023 -0.286693 0.179674
0.0988646 -0.0405159 -0.685557
532.569 0 0
0.298799 0.951211 -0.076922
-0.0316115 0.0904255 0.995402
0.953793 -0.294993 0.0570882
0.243592 -0.0726217 -0.687889
532.569 0 0
0.747919 0.660934 0.0615095
-0.254317 0.199724 0.946273
0.613139 -0.723379 0.317464
-0.242312 0.208311 -0.591882
532.569 0 0
0.71258 0.677318 -0.18295
0.0810562 0.179541 0.980405
0.696893 -0.713446 0.0730367
-0.18859 0.0493758 -0.483612
532.569 0 0
0.796638 0.604398 0.00842267
-0.0632723 0.0695233 0.995572
0.601136 -0.793643 0.0936266
-0.327518 0.0516264 -0.472115
532.569 0 0
0.616694 0.752358 -0.231616
-0.140881 0.394958 0.907833
0.774494 -0.527225 0.349561
0.312195 0.136543 -0.350635
532.569 0 0
0.484226 0.851051 -0.203071
-0.516364 0.465338 0.718908
0.706324 -0.243256 0.664781
0.431974 0.209153 -0.130218
532.569 0 0
0.749027 0.651418 -0.120885
-0.239264 0.436101 0.867507
0.617827 -0.620863 0.482512
0.258714 0.111775 -0.284566
532.569 0 0
0.925108 0.371769 -0.0772235
-0.0140102 0.23666 0.971492
0.379446 -0.897652 0.224145
0.0586855 -0.0689915 -0.248417
532.569 0 0
0.868534 0.480825 -0.120236
0.0679256 0.124827 0.989851
0.490953 -0.867886 0.075756
0.140495 -0.158905 -0.238011
532.569 0 0
0.418701 0.875686 -0.240549
0.0441971 0.244922 0.968535
0.907048 -0.416158 0.0638461
0.418881 -0.196286 -0.177995
532.569 0 0
0.796618 0.601117 -0.0637034
0.0330067 0.0619718 0.997532
0.603581 -0.796755 0.0295269
0.295319 -0.417695 -0.389448
532.569 0 0
0.582174 0.801289 -0.137871
0.270135 -0.0306845 0.962334
0.766877 -0.59749 -0.23432
0.440177 -0.540705 -0.338252
532.569 0 0
0.490067 0.86723 -0.0880153
0.362752 -0.111086 0.925241
0.79262 -0.485358 -0.369029
0.483865 -0.734147 -0.358806
532.569 0 0
0.495322 0.857699 -0.137872
0.384121 -0.0738914 0.920321
0.779171 -0.508815 -0.36606
0.475212 -0.809591 -0.481568
532.569 0 0
0.907741 0.372583 -0.192844
0.151997 0.136363 0.978929
0.391029 -0.917925 0.0671509
0.0449313 -0.10418 -0.333151
532.569 0 0
0.964048 0.215158 -0.155942
0.12239 0.161374 0.979275
0.235864 -0.963154 0.129239
-0.14441 -0.0509452 -0.278753
532.569 0 0
0.906183 -0.421787 -0.0304572
0.0868439 0.115124 0.989548
-0.413872 -0.899357 0.140953
-0.351376 -0.0663982 0.047653
532.569 0 0
0.638238 -0.768287 0.0488624
0.0615851 0.114222 0.991545
-0.767372 -0.629832 0.120216
-0.33268 -0.0796789 0.409446
532.569 0 0
0.579634 -0.811767 0.0711179
0.0390754 0.114863 0.992613
-0.813939 -0.572573 0.0982987
-0.314916 -0.0879112 0.469018
532.569 0 0
0.833721 -0.552185 0.00125727
0.0734445 0.113147 0.99086
-0.54728 -0.826008 0.134888
-0.5152 -0.122187 0.216937
532.569 0 0
0.94613 -0.319382 -0.0532307
0.0768528 0.0618114 0.995125
-0.314534 -0.945608 0.0830271
-0.61074 -0.336009 -0.19049
532.569 0 0
0.954249 -0.291335 -0.0673311
0.0732833 0.00955415 0.997265
-0.289895 -0.956573 0.030467
-0.693036 -0.447804 -0.272437
532.569 0 0
0.90306 -0.428941 -0.0221789
-0.0601575 -0.177442 0.982291
-0.42528 -0.885734 -0.186045
-0.642847 -0.133309 0.0739048
532.569 0 0
0.883695 -0.46806 -0.0016171
-0.0567037 -0.110485 0.992259
-0.464616 -0.876763 -0.124175
-0.694726 -0.269238 0.0881509
532.569 0 0
-0.340451 0.92848 -0.148385
0.125994 0.201438 0.971364
0.931782 0.312006 -0.185563
1.05367 -0.209021 -1.5233
532.569 0 0
-0.717932 0.694961 -0.0400394
0.265276 0.326316 0.907275
0.643586 0.64074 -0.418628
1.73844 -0.531172 -0.972759
532.569 0 0
-0.813229 0.581414 -0.024848
0.229186 0.359227 0.904671
0.534914 0.73001 -0.425385
1.91143 -0.447713 -0.718109
532.569 0 0
-0.961066 0.275007 0.0269177
0.121366 0.332598 0.935227
0.248241 0.902081 -0.353025
2.2328 -0.230659 -0.0237437
532.569 0 0
-0.993652 -0.0780614 0.0810034
0.0550466 0.290575 0.955267
-0.0981071 0.953663 -0.284433
2.24541 -0.11708 0.793673
532.569 0 0
0.179532 0.971772 -0.153062
0.24091 0.107423 0.964584
0.953798 -0.210048 -0.214823
0.460437 -0.418907 -1.8947
532.569 0 0
0.788083 0.594162 -0.160926
0.159225 0.0557705 0.985666
0.59462 -0.80241 -0.0506537
-0.423283 -0.301614 -1.52465
532.569 0 0
0.597085 0.790573 -0.135957
0.149601 0.0567706 0.987115
0.788105 -0.609731 -0.0843734
-0.194407 -0.38342 -1.7519
532.569 0 0
0.43262 0.890896 -0.138366
0.140017 0.0852177 0.986475
0.890638 -0.446142 -0.0878737
0.0441705 -0.233041 -1.84559
532.569 0 0
0.0642805 0.982124 -0.176921
0.114136 0.168889 0.979004
0.991383 -0.0831238 -0.101239
0.590327 -0.231643 -1.96686
532.569 0 0
-0.0552158 0.984373 -0.167217
0.113085 0.17256 0.978486
0.99205 0.0351182 -0.120846
0.880631 -0.237853 -1.97889
532.569 0 0
-0.128021 0.984302 -0.121494
0.088675 0.133372 0.987091
0.987799 0.115595 -0.104357
0.986027 -0.264599 -2.10276
532.569 0 0
-0.0944799 0.98818 -0.120722
0.0699417 0.127553 0.989363
0.993067 0.0850314 -0.0811663
0.94557 -0.196122 -2.26187
532.569 0 0
-0.0518049 0.99513 -0.0838645
0.0972312 0.0886042 0.99131
0.993913 0.0432004 -0.101348
0.900049 -0.274133 -2.43656
532.569 0 0
-0.0354576 0.992634 -0.115845
0.116024 0.119223 0.986065
0.992613 0.0215226 -0.119397
0.800292 -0.344934 -2.63134
532.569 0 0
0.00266695 0.993137 -0.116923
0.155283 0.115094 0.981143
0.987867 -0.020773 -0.153911
0.723858 -0.411426 -2.89841
532.569 0 0
-0.150957 0.977147 -0.149653
0.169942 0.174786 0.96983
0.973823 0.12097 -0.192444
1.21129 -0.348868 -2.60383
532.569 0 0
-0.313648 0.944397 -0.0986905
0.145137 0.150395 0.977915
0.938382 0.292397 -0.184238
1.62803 -0.223749 -1.87218
532.569 0 0
-0.0141816 0.936146 -0.351325
0.31625 0.337523 0.886603
0.94857 -0.0985329 -0.300842
0.857103 0.0399908 -1.83576
532.569 0 0
-0.0955641 0.957142 -0.273397
0.137736 0.284727 0.948662
0.985848 0.0530012 -0.159043
1.164 0.052826 -1.67662
532.569 0 0
-0.0730466 0.974483 -0.212243
0.25276 0.223952 0.941253
0.964768 0.0151088 -0.262669
1.25103 0.0157056 -1.6277
532.569 0 0
0.221498 0.926882 -0.303032
0.24752 0.247135 0.936834
0.943225 -0.282513 -0.174682
0.635591 0.0327239 -1.91471
532.569 0 0
0.268002 0.889934 -0.369043
0.22932 0.31312 0.921612
0.935728 -0.331623 -0.120163
0.673023 -0.462485 -1.95581
532.569 0 0
0.133975 0.970354 -0.201155
0.204046 0.171624 0.9638
0.969751 -0.17017 -0.175003
0.621916 -0.370449 -2.14765
532.569 0 0
0.319685 0.92639 -0.199008
0.248679 0.120636 0.961044
0.914309 -0.35672 -0.191808
0.136711 -0.549798 -2.37809
532.569 0 0
0.153594 0.983751 -0.0929651
0.195332 0.0619973 0.978776
0.968635 -0.168493 -0.182636
0.491989 -0.52021 -2.55597
532.569 0 0
0.258433 0.956228 -0.13726
0.192082 0.0883851 0.977391
0.94674 -0.278955 -0.160833
0.258143 -0.468259 -2.79372
532.569 0 0
0.0614382 0.988433 -0.138653
0.172956 0.126271 0.976802
0.983012 -0.0839938 -0.163198
0.626237 -0.383658 -2.93465
532.569 0 0
0.0413491 0.994497 -0.0962577
0.094397 0.0920208 0.991273
0.994676 -0.0500747 -0.0900726
0.67152 -0.212781 -3.18599
532.569 0 0
-0.0355841 0.993203 -0.110824
0.102885 0.113946 0.988145
0.994057 0.0237601 -0.10624
0.851056 -0.233344 -3.31064
532.569 0 0
-0.0372517 0.994083 -0.102038
0.0976673 0.105241 0.989639
0.994522 0.0268998 -0.10101
0.867488 -0.236378 -3.46544
532.569 0 0
0.0606933 0.989945 -0.127772
0.0859585 0.122349 0.988758
0.994448 -0.0709942 -0.0776684
0.513198 -0.180991 -3.74152
532.569 0 0
-0.0915538 0.983684 -0.154864
0.0978836 0.163654 0.98165
0.990978 0.074715 -0.11127
1.0215 -0.188801 -3.73851
532.569 0 0
-0.0815632 0.99028 -0.112662
0.111522 0.121397 0.986319
0.990409 0.0678831 -0.12034
1.02294 -0.258389 -3.86857
532.569 0 0
-0.0306123 0.995975 -0.0842434
0.108491 0.0870957 0.990275
0.993626 0.0211748 -0.110721
0.853989 -0.242512 -4.0705
532.569 0 0
-0.0374341 0.996252 -0.0779797
0.117541 0.0818824 0.989686
0.992362 0.0278822 -0.120166
0.872432 -0.283903 -4.23457
532.569 0 0
-0.116612 0.984249 -0.132874
0.0244278 0.136589 0.990327
0.992877 0.112239 -0.0399711
1.2855 0.25928 -4.90231
532.569 0 0
-0.261735 0.935746 -0.236378
-0.0242966 0.23845 0.970851
0.964834 0.259849 -0.0396752
1.97037 0.86579 -4.52
532.569 0 0
-0.281911 0.916283 -0.284521
-0.0359634 0.286248 0.95748
0.958766 0.280156 -0.0477438
1.99188 1.08184 -4.41133
532.569 0 0
0.210979 0.964607 -0.158179
0.321154 0.0844346 0.943256
0.923227 -0.249807 -0.291973
-0.284757 -1.09175 -4.2828
532.569 0 0
-0.0819029 0.995383 -0.0500484
0.800812 0.0956205 0.591233
0.593289 0.00834429 -0.804946
1.04728 -3.6074 -2.76606
532.569 0 0
